bkms-cli/pkg/client/client.go
  h_2321bec5d80d15 176,202,230,246,262,278,294,310,326,341,356,372,399,415,448,463,479,494,510,526,542,563,584,607,659,682,704,732,761,790,811,840,868,896,924,944,971,996,1032,1053,1074,1100,1122,1144,1170,1198,1217,1256,1275,1293,1343,1366,1391,1415,1440,1456,1472,1491,1510,1526,1541,1560,1583,1597-1608
---
{
  "schema_version": "authorship/3.0.0",
  "git_ai_version": "1.7.4",
  "base_commit_sha": "3213ff38c7e510c5b9e977087335458d2798781e",
  "prompts": {},
  "humans": {
    "h_2321bec5d80d15": {
      "author": "Super-zhw <1458070668@qq.com>"
    }
  }
}